236
244
240
248
240
244
248
242
248
242
244
228
234
230
230
226
222
232
230
228
228
230
228
230
230
224
224
230
230
224
226
224
234
230
230
228
226
230
236
230
226
224
226
226
688
230
224
230
226
230
234
230
228
224
242
244
240
248
244
238
250
490
248
240
248
244
244
244
246
240
244
242
248
242
246
244
240
248
244
248
244
238
248
244
246
236
240
242
244
240
238
248
244
242
242
244
244
240
240
244
240
240
240
248
242
240
244
246
248
236
248
246
248
244
240
246
240
248
240
248
242
244
244
246
244
238
240
244
244
248
242
244
238
244
240
238
248
238
242
248
244
240
248
242
246
234
300
230
224
226
230
226
224
230
226
228
224
226
224
230
228
224
222
700
234
230
226
226
226
230
228
224
230
226
226
222
226
230
230
226
466
230
228
224
226
230
232
230
228
224
228
224
230
234
224
230
230
686
228
228
224
226
226
232
222
226
224
224
230
226
226
226
224
224
682
230
224
226
230
226
234
230
228
228
230
226
234
234
226
230
226
350
230
228
228
226
234
222
226
224
224
232
226
226
226
230
228
224
452
230
228
228
226
230
224
230
224
230
226
226
226
228
230
224
230
750
230
230
228
222
228
224
228
224
232
226
228
224
230
224
224
230
672
230
224
230
236
230
230
228
224
226
230
232
230
228
224
222
224
320
230
232
230
230
224
222
226
230
224
230
226
228
232
228
224
232
682
230
226
226
230
224
230
234
230
230
226
226
224
230
226
226
230
464
228
228
224
226
226
226
224
230
226
232
232
230
224
230
226
228
360
230
230
228
226
230
230
234
230
232
230
226
226
226
224
222
226
700
230
222
226
226
226
230
230
230
226
226
232
226
226
232
222
228
392
230
226
226
226
230
226
228
226
228
228
232
234
228
226
234
226
660
230
230
224
230
230
230
230
226
224
226
226
224
232
222
226
226
736
230
226
224
230
234
234
230
230
226
230
226
230
222
232
230
230
384
228
224
230
230
234
226
230
226
224
228
224
224
230
230
226
224
728
228
226
230
234
224
234
222
226
228
230
234
234
226
228
222
230
516
230
228
228
222
230
226
234
228
230
226
226
230
230
234
230
230
568
228
228
224
226
230
234
230
232
226
230
230
226
224
230
224
226
530
230
228
224
224
230
230
232
230
230
230
228
230
224
226
224
232
374
230
234
226
226
222
226
224
230
234
226
230
226
224
224
226
230
424
230
230
226
226
230
224
230
230
230
226
226
224
224
226
226
230
604
228
226
222
226
228
228
230
224
232
230
230
230
224
230
224
224
498
230
226
224
226
226
224
228
230
230
226
224
226
226
234
230
230
576
230
230
226
230
230
232
234
230
226
226
224
230
230
226
224
230
644
230
230
226
230
234
228
226
226
226
234
224
230
230
228
226
226
596
228
228
224
230
232
224
230
230
228
228
226
228
234
224
230
226
558
230
228
224
230
230
226
230
224
234
230
228
222
226
224
232
230
760
230
228
226
230
226
230
234
230
226
226
226
222
226
224
234
230
760
234
230
230
228
226
228
234
234
230
226
226
230
228
224
226
226
522
230
230
228
226
222
230
224
232
230
226
234
230
230
230
230
232
686
230
228
228
230
224
230
230
228
224
226
226
224
226
228
224
228
674
230
230
226
230
224
232
234
230
224
230
226
224
226
230
230
224
686
230
226
226
226
224
224
230
224
224
230
228
226
226
230
226
224
688
230
228
230
224
234
234
222
226
224
230
224
228
226
226
234
948
230
228
228
230
224
230
224
224
228
226
226
230
232
230
228
224
626
230
234
224
226
230
224
234
230
226
228
226
234
232
228
224
230
700
230
230
230
228
230
230
228
226
230
234
222
226
230
230
224
228
658
230
29586
172
176
172
172
174
970
174
174
170
174
172
172
172
172
172
174
172
174
172
176
172
174
174
168
172
172
172
170
172
174
172
174
170
174
172
170
172
172
172
878
176
174
174
174
174
174
170
172
174
166
172
172
172
172
172
172
172
172
174
170
172
172
170
172
174
172
174
174
168
172
174
168
172
888
176
174
176
176
174
176
176
168
170
170
170
170
174
176
172
174
176
174
172
170
174
174
174
174
174
174
174
174
174
174
174
174
174
760
172
174
172
172
172
172
174
172
172
174
172
172
172
172
172
172
172
172
172
172
172
170
172
172
172
172
172
172
172
172
172
172
172
870
172
172
172
172
176
174
174
170
172
174
170
178
174
174
174
176
172
172
172
172
172
172
172
172
170
172
172
170
172
172
