128
142
118
124
122
124
144
122
118
122
120
130
120
124
122
128
122
126
118
120
132
174
118
124
122
126
126
124
126
124
132
130
132
136
122
138
128
140
126
130
126
122
122
120
118
132
116
126
122
124
126
128
124
118
132
130
138
140
132
134
122
126
126
128
132
134
130
126
128
130
130
126
130
118
142
128
130
120
140
130
130
124
124
136
124
120
126
144
118
122
132
124
128
128
126
124
122
128
122
134
120
120
302
172
122
128
118
286
116
168
124
124
120
120
120
122
124
128
126
128
122
124
134
128
128
130
138
132
130
130
126
132
136
138
124
134
132
134
130
120
120
128
130
128
128
182
118
134
168
168
120
122
116
126
126
118
148
176
118
118
124
132
130
120
136
126
296
124
126
118
130
130
118
122
120
116
132
124
120
120
134
128
134
128
128
120
128
126
126
134
134
122
126
126
128
132
130
130
132
126
128
130
124
132
138
124
134
126
122
124
120
138
120
120
120
118
130
120
126
126
120
120
122
124
126
130
132
128
136
128
126
132
128
130
298
124
136
126
142
122
130
130
132
126
124
138
126
134
120
118
124
124
132
120
130
122
132
122
122
114
124
140
134
122
136
120
132
134
132
130
120
134
132
138
122
118
146
140
122
238
174
176
174
134
126
140
124
120
120
126
122
170
136
138
132
120
126
122
136
130
126
286
116
120
120
118
114
124
124
118
120
124
122
128
76
304
138
122
130
118
144
126
134
128
128
132
122
126
146
130
130
116
124
122
136
132
118
124
120
122
120
124
144
126
130
142
126
120
138
130
138
122
120
124
118
122
120
122
126
120
120
118
120
126
120
120
128
122
136
126
130
126
142
138
122
128
130
292
134
120
128
148
122
114
146
130
128
132
122
126
128
118
120
124
122
120
130
130
122
128
114
124
126
124
116
114
122
120
120
122
122
120
118
122
126
126
122
122
120
122
118
126
138
168
126
134
120
130
120
136
120
124
120
124
120
122
130
122
132
116
130
126
138
130
130
124
136
124
122
124
122
124
130
128
128
126
134
130
120
126
128
138
120
136
118
122
132
126
120
124
132
124
124
120
122
120
138
128
144
122
132
124
128
126
128
132
134
126
130
124
132
122
142
126
136
140
138
128
128
122
132
186
120
124
138
122
126
126
120
122
116
124
124
126
134
120
120
138
132
126
118
120
124
124
120
126
124
120
114
124
122
120
124
124
126
122
122
120
128
120
122
122
138
126
134
124
120
122
116
116
128
116
136
118
122
132
134
124
130
130
134
124
122
136
132
128
130
116
124
134
132
128
126
118
124
120
130
126
138
124
132
118
138
134
116
128
126
130
132
118
134
134
118
136
120
122
124
298
172
132
294
164
120
166
168
178
174
116
122
130
120
116
126
118
122
130
116
122
296
184
294
190
122
140
138
126
126
132
134
132
116
134
118
124
136
308
296
126
136
140
140
120
130
120
116
130
128
130
128
134
126
134
118
126
124
292
124
116
118
124
116
118
120
132
122
122
120
130
120
124
122
122
120
122
120
118
120
128
130
122
118
122
118
118
136
120
168
142
126
122
120
118
120
126
122
120
124
140
120
128
298
122
124
120
116
126
294
140
118
122
120
140
120
124
128
122
132
76
130
296
126
132
132
126
126
128
132
128
130
134
136
170
176
124
128
124
140
118
132
132
134
132
140
134
138
122
120
138
174
130
140
126
134
122
130
138
138
128
138
134
138
120
124
128
134
126
120
120
122
130
142
132
140
136
118
140
124
144
126
136
142
142
122
120
134
120
120
126
114
118
136
136
138
132
140
126
126
130
124
134
134
126
122
122
124
120
126
134
134
122
294
120
118
126
126
124
120
122
122
120
126
126
118
122
130
122
124
140
128
128
118
118
172
122
120
120
126
122
116
130
120
136
124
136
126
134
132
124
128
128
124
294
118
126
120
120
136
124
118
134
118
136
128
122
128
126
128
130
136
132
140
124
174
120
142
122
132
134
128
128
128
138
116
126
124
136
122
320
124
120
126
122
120
124
140
122
134
128
126
130
124
138
124
124
126
134
120
118
128
120
122
120
130
122
122
118
122
124
136
130
134
124
122
130
132
124
136
142
190
138
124
130
138
124
128
122
120
130
134
132
132
130
128
140
126
120
126
140
122
136
136
138
126
134
120
126
124
136
116
130
124
130
122
132
124
128
140
130
122
134
116
124
124
130
134
132
132
140
172
170
136
120
136
116
130
124
120
136
126
136
136
120
120
128
122
128
130
126
130
126
